Jakarta
lat: -6.2350827
lng: 106.8087737
Zoom = 17 

Beijing
lat: 39.9931568
lng:  116.3375482
Zoom = 17